# # # # # # # # # # # # # # # # # # # # # Date		CASH		BOND L		BOND NL		EQT		GOVI		ETF		OTHERS
20170705.00	4751361.16	248376.00	     0.00	     0.00	     0.00	     0.00	    43.84
20170706.00	4663960.36	248176.00	     0.00	 87271.51	     0.00	     0.00	    43.84
20170707.00	4663960.36	248384.50	     0.00	 87875.52	     0.00	     0.00	    43.84
20170710.00	4212347.55	500861.00	101900.00	177545.82	     0.00	     0.00	  7078.42
20170711.00	4123643.24	500949.50	101900.00	263826.38	     0.00	     0.00	  7083.90
20170712.00	3923449.65	700731.50	101900.00	267546.27	     0.00	     0.00	  7498.97
20170713.00	3473485.77	1057025.50	101900.00	357604.29	     0.00	     0.00	 10996.92
20170714.00	3389023.89	1057413.50	101900.00	446018.90	     0.00	     0.00	  6039.73
20170717.00	594608.12	1058148.00	300390.00	537521.85	     0.00	     0.00	  8476.28
20170718.00	505167.31	1059540.50	300198.00	624864.37	     0.00	     0.00	  8575.20
20170719.00	213472.33	1159167.50	495259.47	629081.48	     0.00	     0.00	  8682.48
20170720.00	177294.78	1160025.00	495435.88	667564.60	     0.00	     0.00	  8809.67
20170721.00	-36297.23	1061777.50	695485.88	789314.74	     0.00	     0.00	  8940.63
20170724.00	-36297.23	1062374.50	695551.88	791245.62	     0.00	     0.00	  9403.75
20170725.00	 41666.52	1063937.00	695287.88	866400.39	     0.00	     0.00	  9559.71
20170727.00	-49751.19	1066161.50	695665.83	954445.72	     0.00	     0.00	  9713.03
20170727.00	302998.81	1067740.50	695737.83	959821.01	     0.00	     0.00	  7114.79
20170728.00	1885740.72	1171410.00	798456.96	1158289.87	     0.00	     0.00	  9338.37
20170731.00	1888598.36	1172022.50	798542.96	1176455.71	     0.00	     0.00	  7191.23
20170801.00	1888592.36	1173885.00	798803.85	1180090.21	     0.00	     0.00	  7342.00
20170802.00	1873975.93	1175237.00	798884.96	1202330.71	     0.00	     0.00	  7515.23
20170803.00	1892238.63	1175840.50	798877.85	1188883.49	     0.00	     0.00	  7688.44
20170804.00	1857331.36	1175990.50	797036.96	1223271.45	     0.00	     0.00	  7861.66
20170807.00	1827870.24	1176209.50	798154.96	1254366.30	     0.00	     0.00	  8381.30
20170808.00	1827867.24	1174597.00	798478.51	1256655.80	     0.00	     0.00	  8554.51
20170809.00	1827867.24	1171586.50	797202.51	1249912.13	     0.00	     0.00	  8727.75
20170810.00	1853867.24	1170748.00	797354.51	1241299.43	     0.00	     0.00	  8900.95
20170811.00	1735274.13	1169088.00	794872.51	1349808.88	     0.00	     0.00	  9074.16
20170814.00	1779661.13	1170947.00	794800.51	1368605.11	     0.00	     0.00	  9593.80
20170816.00	1799507.63	1171726.50	797206.51	1373587.00	     0.00	     0.00	  9940.98
20170817.00	1804504.13	1171586.00	797288.51	1369286.48	     0.00	     0.00	 10111.99
20170818.00	1581686.49	1391266.50	796678.51	1361220.05	     0.00	     0.00	 12277.46
20170821.00	1581686.49	1391947.00	796798.51	1366176.91	     0.00	     0.00	 12790.38
20170822.00	1581686.49	1391979.50	796772.51	1361467.27	     0.00	     0.00	 12961.34
20170823.00	1484916.70	1496196.00	796978.51	1355606.88	     0.00	     0.00	 16651.08
20170824.00	1484916.70	1495564.00	796978.51	1353052.50	     0.00	     0.00	 16843.84
20170825.00	1487411.70	1495765.50	796812.51	1353869.79	     0.00	     0.00	 17036.62
20170828.00	1497404.70	1496215.50	796812.51	1344554.20	     0.00	     0.00	 17652.42
20170829.00	1497404.70	1494452.00	796792.51	1336095.55	     0.00	     0.00	 17857.73
20170830.00	1397104.02	1594867.50	796812.51	1343570.97	     0.00	     0.00	 18413.64
20170831.00	1397102.02	1595496.00	796498.39	1356826.52	     0.00	     0.00	 18606.44
20170901.00	1345056.94	1674583.00	796348.39	1370950.49	     0.00	     0.00	 21530.47
20170904.00	1345056.94	1675118.50	796328.39	1367144.57	     0.00	     0.00	 22162.71
20170905.00	1345056.94	1676215.00	796328.39	1365805.58	     0.00	     0.00	 22373.41
20170906.00	1346038.44	1675409.50	796328.39	1361560.98	     0.00	     0.00	 22593.54
20170907.00	1346035.44	1676190.50	796367.49	1366620.07	     0.00	     0.00	 22813.69
20170908.00	1346035.44	1675411.50	796729.49	1372439.60	     0.00	     0.00	 23033.81
20170911.00	1348031.94	1676614.00	798149.49	1384209.87	     0.00	     0.00	 23694.18
20170912.00	1350028.44	1677428.50	796457.04	1388771.80	     0.00	     0.00	 23914.29
20170913.00	1351025.44	1677411.50	796371.04	1389867.78	     0.00	     0.00	 24134.41
20170914.00	1151025.44	1877788.00	796371.04	1391283.83	     0.00	     0.00	 24354.56
20170915.00	1156018.44	1882155.00	796894.71	1378035.23	     0.00	     0.00	 24574.67
20170918.00	1156018.44	1884501.00	796894.71	1392399.46	     0.00	     0.00	 25235.06
20170919.00	964879.94	2085639.00	796894.71	1400458.66	     0.00	     0.00	 25455.12
20170920.00	969799.44	2086316.25	796914.71	1402291.53	     0.00	     0.00	 25675.27
20170921.00	1007222.44	2085510.25	796914.71	1407611.27	     0.00	     0.00	 25893.70
20170922.00	974829.64	2085061.00	796091.81	1444559.10	     0.00	     0.00	 26112.11
20170925.00	966879.04	2085548.00	796091.81	1496267.00	     0.00	     0.00	 26882.90
20170926.00	876770.40	2186673.00	792071.81	1495792.60	     0.00	     0.00	 30519.97
20170927.00	1065923.77	1980769.50	792091.81	1538169.57	     0.00	     0.00	 30565.92
20170928.00	846994.88	2182875.00	792091.81	1571934.98	     0.00	     0.00	 30821.49
20170929.00	841604.12	2181747.75	792216.91	1610733.56	     0.00	     0.00	 31093.14
20171002.00	869237.57	2182382.50	792216.91	1619249.37	     0.00	     0.00	 31817.71
20171003.00	845992.29	2182822.00	792216.91	1629725.23	     0.00	     0.00	 32059.24
20171004.00	761398.79	2281323.50	792716.91	1633096.69	     0.00	     0.00	 32300.75
20171005.00	858306.70	2179346.00	792716.91	1674459.82	     0.00	     0.00	 30908.71
20171006.00	817913.20	2279257.50	793048.17	1671159.27	     0.00	     0.00	 31150.23
20171009.00	730575.55	2280490.00	893048.17	1685897.77	     0.00	     0.00	 31967.25
20171010.00	744260.87	2276966.75	894698.17	1698942.84	     0.00	     0.00	 29644.04
20171011.00	757297.37	2280003.25	894698.17	1713161.16	     0.00	     0.00	 29911.25
20171012.00	767218.87	2281551.25	890964.17	1721309.06	     0.00	     0.00	 30182.56
20171013.00	728794.03	2282435.25	885219.56	1766508.56	     0.00	     0.00	 30443.25
20171016.00	748423.59	2282778.50	873002.81	1777614.24	     0.00	     0.00	 31127.95
20171017.00	878737.72	2283186.00	872982.81	1705218.71	     0.00	     0.00	 31393.32
20171018.00	844275.90	2381509.00	872982.81	1683651.66	     0.00	     0.00	 31675.49
20171019.00	728872.85	2481737.00	872982.81	1703558.28	     0.00	     0.00	 31957.64
20171020.00	771493.62	2481043.00	861024.81	1692492.57	     0.00	     0.00	 32239.81
20171023.00	801243.62	2482031.00	868098.81	1684087.53	     0.00	     0.00	 33086.26
20171024.00	659914.59	2631868.25	873110.81	1681263.22	     0.00	     0.00	 33368.39
20171025.00	669832.59	2631901.00	868110.81	1671055.47	     0.00	     0.00	 33650.58
20171026.00	718749.09	2634793.50	865110.81	1684576.37	     0.00	     0.00	 33935.17
20171027.00	537459.64	2637956.25	865594.81	1683104.35	201804.00	     0.00	 34439.15
20171030.00	651369.14	2639893.75	876505.81	1693470.27	202034.00	     0.00	 35303.11
20171031.00	649153.86	2641794.75	877432.81	1655054.67	202062.00	101346.05	 32969.20
20171101.00	664037.86	2644801.50	876718.81	1658621.07	202326.00	101872.30	 33258.74
20171102.00	594878.96	2644873.25	876682.81	1677815.55	202304.00	140648.10	 33548.28
20171103.00	577574.37	2646311.25	876616.81	1689100.32	202300.00	200390.15	 33834.72
20171106.00	541646.20	2648433.25	877095.81	1752669.86	202254.00	200795.05	 34724.94
20171107.00	384040.16	2648521.00	877246.81	1759108.96	404772.00	199667.80	 35251.93
20171108.00	387041.78	2643048.25	876928.81	1773662.63	404456.00	197568.65	 35548.92
20171109.00	189989.31	2835671.75	877127.81	1787097.09	404488.00	195322.30	 35845.86
20171110.00	289757.82	2826781.75	877110.81	1776921.84	404396.00	194281.75	 35762.39
20171113.00	319703.82	2824977.00	876906.31	1750582.54	404100.00	192680.55	 36657.98
20171114.00	329700.32	2823214.75	876783.31	1762612.34	404276.00	192362.15	 36956.49
20171115.00	347585.80	2814009.75	877215.31	1764507.79	404564.00	190647.55	 29387.85
20171116.00	474099.54	2714331.75	877264.31	1791862.71	404528.00	191272.25	 29691.51
20171117.00	484108.89	2714078.00	876827.31	1805031.77	404264.00	191148.15	 30015.23
20171120.00	473094.81	2717901.25	877427.80	1848260.41	404688.00	192666.40	 30986.48
20171121.00	474552.31	2720022.50	876896.80	1863011.57	404628.00	194265.50	 31309.55
20171122.00	474552.31	2720844.50	876845.80	1870201.91	405320.00	194073.80	 31632.61
20171123.00	532633.81	2721660.75	876867.80	1876456.16	405280.00	194372.95	 31955.66
20171124.00	557455.76	2721338.75	877422.82	1874694.26	404924.00	194717.95	 32278.69
20171127.00	564873.76	2721150.75	877448.82	1869266.51	404524.00	193884.31	 33247.88
20171128.00	570286.26	2721633.00	877036.82	1880047.25	405416.00	194244.01	 33570.95
20171129.00	481613.76	2870761.50	877024.82	1878377.94	405492.00	195013.61	 33893.98
20171130.00	511336.59	2871302.25	877518.33	1880906.33	405764.00	195674.18	 34217.09
20171201.00	513886.20	2870933.75	876935.81	1879990.40	405240.00	193830.41	 34540.10
20171204.00	514377.20	2871003.75	876921.81	1892983.45	405104.00	195621.44	 35509.30
20171205.00	405629.28	2972073.00	877484.81	1915982.50	405904.00	195923.00	 35832.36
20171206.00	428807.28	2970636.00	877195.81	1915443.98	405780.00	195338.60	 36160.07
20171207.00	368683.95	2969041.75	978200.81	1918221.19	406068.00	196309.46	 35569.67
20171208.00	420575.20	2967957.50	977274.31	1926736.07	406092.00	198106.76	 35897.40
20171211.00	425575.20	2967512.25	978531.31	1934083.57	406120.00	198090.57	 36880.61
20171212.00	451278.95	2967124.25	978549.31	1923672.91	405776.00	197468.06	 37221.28
20171213.00	412971.33	2965302.25	978287.31	1932910.25	404696.00	233847.60	 37561.97
20171214.00	370376.33	2962595.25	978398.31	1972815.92	404480.00	232014.30	 37902.66
20171215.00	349095.26	2961634.00	978152.32	1996618.84	404288.00	230933.10	 37694.51
20171218.00	424941.53	2860198.75	978490.32	2051698.46	404572.00	233764.80	 38612.74
20171219.00	373530.46	2911760.75	977977.32	2042546.44	403832.00	232728.70	 42878.26
20171220.00	378489.46	2912804.75	978489.32	2031236.08	403716.00	231852.50	 43229.72
20171221.00	383410.96	2913275.50	978944.32	2036774.73	403892.00	232082.50	 43581.15
20171222.00	477293.92	2913151.25	977480.32	2043740.12	404088.00	231604.30	 43944.57
20171227.00	395414.03	2912291.00	1076496.32	2050603.55	404080.00	232666.30	 46238.08
20171228.00	395414.03	2912496.50	1076639.32	2056106.76	403544.00	232565.50	 46601.54
20171229.00	294528.69	3013903.75	1076489.32	2039429.38	403348.00	230201.70	 48263.58
20180102.00	301056.52	3013448.25	1076441.32	2052229.71	402840.00	230183.60	 46083.45
20180103.00	302270.30	3017194.50	1076478.32	2074659.09	402996.00	230999.70	 46456.58
20180104.00	310139.30	3022533.50	1076747.32	2100295.19	403520.00	235326.10	 46833.82
20180105.00	311836.60	3025513.75	1077025.32	2107819.75	403400.00	237654.10	 46347.02
20180108.00	333499.60	3028386.00	1076698.32	2115169.95	403616.00	238750.00	 47478.83
20180109.00	333496.60	3027844.25	1076870.32	2126112.82	403488.00	240542.00	 47856.09
20180110.00	248088.38	3025335.00	1076515.32	2201125.44	403568.00	240374.00	 48233.35
20180111.00	198650.08	3022717.50	1077057.32	2246400.44	403452.00	241410.00	 48610.62
20180112.00	203571.58	3024365.00	1078920.82	2255124.98	404052.00	242001.60	 48987.84
20180115.00	227390.44	3025104.25	1065364.78	2257382.05	404288.00	242702.30	 50021.86
20180116.00	246894.61	3028401.25	1065413.78	2250710.87	404556.00	242435.30	 48981.74
20180117.00	277333.11	3027900.50	1065749.78	2251416.54	404204.00	242544.60	 49358.94
20180118.00	346528.11	3026613.00	1065309.78	2254594.05	404352.00	242881.60	 49736.08
20180119.00	294090.46	3026018.50	1166471.55	2271424.58	404428.00	244799.60	 51300.23
20180122.00	229915.96	3127165.75	1166388.15	2287788.46	404620.00	246472.00	 52431.76
20180123.00	289055.03	3129571.25	1166346.15	2300271.31	404620.00	246249.00	 52828.33
20180124.00	431834.03	3130205.75	1166804.15	2289369.31	404672.00	244884.90	 53219.79
20180125.00	513725.03	3127624.25	1166089.15	2267513.77	404400.00	244866.10	 53611.23
20180126.00	525947.03	3226767.75	1165187.67	2291909.94	404340.00	246268.60	 54006.39
20180129.00	533825.07	3223508.75	1165400.67	2275374.19	404140.00	245210.20	 55191.93
20180130.00	440024.77	3217350.50	1165724.67	2384948.44	404192.00	303157.40	 55587.12
20180131.00	501303.40	3217945.25	1165928.67	2397305.51	404352.00	303221.60	 51999.73
20180201.00	367878.71	3416511.00	1166004.67	2398137.17	404744.00	303353.80	 47201.31
20180202.00	319463.14	3410974.75	1165546.67	2460055.99	404472.00	337891.35	 47596.65
20180205.00	356891.90	3409712.25	1165132.79	2422964.47	404272.00	333151.43	 48824.54
20180206.00	376734.90	3406146.50	1165928.79	2379386.16	404316.00	327423.79	 49242.93
20180207.00	411424.40	3411954.25	1165759.79	2435496.84	404528.00	333889.16	 49661.26
20180208.00	437224.64	3407546.25	1165845.79	2483724.45	404364.00	326523.76	 50079.61
20180209.00	446962.87	3397877.25	1165117.63	2498167.95	403756.00	322482.36	 50498.09
20180212.00	471584.37	3399857.50	1165133.63	2490398.25	403996.00	324643.49	 51753.44
20180213.00	521946.87	3390953.50	1164682.63	2476964.20	403584.00	320645.85	 52171.90
20180214.00	549471.37	3390917.25	1165205.63	2510400.17	403648.00	325985.05	 52590.38
20180215.00	551357.48	3395674.25	1164182.63	2519745.55	403612.00	326184.37	 51122.73
20180216.00	562278.98	3400253.75	1163205.63	2559152.38	403716.00	330699.12	 51541.18
20180219.00	582458.30	3863070.38	699649.00	2551552.60	403692.00	328196.58	 52796.54
20180220.00	602451.30	3860793.88	699893.00	2547579.70	403640.00	328460.54	 53215.00
20180221.00	634697.80	3859777.38	699800.00	2532359.07	403768.00	327221.86	 51383.46
20180222.00	499540.80	4007802.88	699970.00	2528173.68	403548.00	325749.78	 51801.91
20180223.00	529312.30	4000903.13	699689.00	2516554.27	403356.00	326654.25	 52220.38
20180226.00	599301.80	4002693.38	700440.00	2540105.16	403624.00	328418.04	 53475.78
20180227.00	624298.30	4005407.63	699550.00	2525272.33	403384.00	326659.61	 53894.22
20180228.00	655252.13	4008240.38	699982.00	2512828.48	403288.00	325394.40	 54312.66
20180301.00	710091.63	4009301.88	700721.00	2467788.02	403168.00	321841.72	 54868.30
20180302.00	669242.51	4006053.49	700652.00	2452459.34	403376.00	375753.21	 49427.67
20180305.00	669302.23	4000492.99	700919.00	2456573.24	403176.00	376488.53	 50309.33
20180306.00	784457.86	3905290.74	700033.00	2502522.38	403756.00	383155.43	 49988.82
20180307.00	784457.86	3905978.99	700022.00	2517557.38	403868.00	385972.37	 50407.81
20180308.00	789875.11	3909600.24	700553.00	2547120.40	403996.00	391930.08	 50826.79
20180309.00	810609.61	3707890.10	903995.00	2578560.84	403904.00	393517.80	 51245.76
20180312.00	815606.11	3711651.60	903660.00	2581171.29	403788.00	395083.35	 52502.67
20180313.00	1122060.35	3710004.10	703532.00	2583760.02	403900.00	393431.58	 51462.90
20180314.00	1166846.10	3706317.10	704534.00	2567578.37	403836.00	390415.58	 51881.89
20180315.00	900315.68	4064234.21	704459.00	2582088.99	403752.00	394304.32	 54770.83
20180316.00	956080.18	4065347.44	703513.00	2574422.54	403704.00	394329.49	 55181.44
20180319.00	855156.60	4163816.19	704833.00	2578950.61	403964.00	392779.41	 56802.72
20180320.00	855156.60	4161447.44	704416.00	2572559.65	404364.00	394185.06	 57235.90
20180321.00	857341.60	4161170.44	703990.00	2558427.89	404208.00	392245.43	 57668.96
20180322.00	664877.63	4349627.94	704374.00	2533703.47	404416.00	386970.02	 58837.53
20180323.00	679346.89	4344890.61	704142.00	2523246.63	404572.00	386873.76	 59282.09
20180326.00	701991.39	4345587.36	703866.00	2512682.13	404436.00	382175.36	 60615.78
20180327.00	698367.99	4347905.86	704436.00	2547151.94	404760.00	385806.49	 61065.11
20180328.00	704705.99	4346369.11	704517.00	2543503.67	404940.00	384942.92	 61514.48
20180329.00	724402.49	4347059.61	704358.00	2559735.58	405220.00	388538.49	 58213.85
20180304.00	725620.95	4347691.09	704170.00	2564224.55	405388.00	389152.67	 59531.70
20180404.00	726120.45	4347839.09	706643.00	2550501.79	405948.00	387433.15	 59982.02
20180405.00	715531.50	4351635.59	706709.00	2582430.95	405612.00	393495.45	 60443.45
20180406.00	726434.50	4353927.54	702909.00	2587464.60	405660.00	393646.21	 60904.90
20180409.00	762741.10	4356510.04	702244.00	2564106.04	405852.00	394687.44	 62289.11
20180410.00	758616.02	4358227.54	701907.00	2597981.19	405660.00	396199.71	 62750.54
20180411.00	774531.03	4358961.79	702576.00	2574204.54	405668.00	392815.61	 63211.96
20180412.00	897586.15	4259252.79	701773.00	2596397.36	405444.00	395811.70	 62656.27
20180413.00	907429.65	4263427.04	702010.00	2591232.57	405620.00	396578.57	 63117.70
20180416.00	936940.86	4237932.74	702067.00	2581383.60	405668.00	396860.93	 64321.96
20180417.00	942862.36	4240194.99	701353.00	2591819.48	405996.00	400332.55	 64779.39
20180418.00	438418.36	4235727.49	702559.00	2602938.42	406092.00	402698.70	 65236.88
20180419.00	790465.14	4228982.24	702200.00	2576270.37	101480.00	400779.34	 65396.58
20180420.00	808770.64	4231126.74	701711.00	2579707.86	101444.00	401654.01	 64127.38
20180423.00	848563.14	4229596.74	703199.00	2586788.39	101518.00	404009.25	 65503.41
20180424.00	1087056.41	4231249.49	702812.00	2423368.16	101552.00	374353.19	 65959.73
20180425.00	1094805.91	4227089.49	702841.00	2390138.80	101560.00	372212.74	 66416.15
20180426.00	387010.91	4428412.99	703192.00	2396977.10	101579.00	373513.09	 68145.01
20180427.00	559701.58	4277594.65	702947.00	2397563.41	101614.00	373849.42	 68163.49
20180430.00	780065.43	4077609.90	702737.00	2402006.59	101485.00	374400.70	 64008.26
20180502.00	829827.93	4078860.40	702488.00	2434147.68	101492.00	379665.42	 64920.53
20180503.00	850023.92	4073762.65	702965.00	2431756.89	101522.00	377870.33	 65376.69
20180504.00	850023.92	4071424.90	703159.00	2440870.96	101493.00	381142.47	 65832.62
20180507.00	341347.09	4073198.15	702945.00	2449846.03	101491.00	384280.36	 67200.39
20180508.00	351353.73	4067377.54	702666.00	2434859.83	101418.00	379078.22	 67645.94
20180509.00	351897.48	4064652.54	702821.00	2444739.45	101414.00	380711.23	 68101.86
20180510.00	371893.98	4061987.95	702530.00	2436540.79	101239.00	377775.79	 68557.82
20180511.00	372863.48	4063204.45	702896.00	2456969.17	101301.00	379480.39	 69013.73
20180514.00	405267.34	4062646.70	702662.00	2457232.15	101249.00	379224.64	 70381.51
20180515.00	408030.59	4061123.45	703108.00	2433393.07	101271.00	378705.20	 68087.09
20180516.00	408030.59	4053221.72	702802.00	2383429.44	100839.00	369984.74	 68543.04
20180517.00	412030.75	4047874.97	703307.00	2385803.73	100941.00	370470.98	 68998.99
20180518.00	455246.45	4038695.97	702415.00	2334941.12	100445.00	362615.67	 69454.86
20180521.00	478379.94	4022204.47	702249.00	2314777.24	 99698.00	364297.21	 70822.65
20180522.00	478379.94	4014944.97	702338.00	2322219.51	 99972.00	365238.49	 71278.60
20180523.00	483425.94	4001134.47	702385.00	2302326.33	 99599.00	361273.65	 71734.50
20180524.00	493272.44	4003738.23	702071.00	2310057.22	 99637.00	361079.23	 72190.45
20180525.00	493272.44	3986068.23	703006.00	2308848.23	 98583.00	357958.33	 72646.37
20180528.00	509050.20	3980897.48	701626.00	2245862.06	 97192.00	350371.74	 72264.19
20180529.00	514971.20	3935823.73	702768.00	2163176.28	 92359.00	338982.17	 72720.08
20180530.00	515463.20	3918811.78	702405.00	2209835.36	 94257.00	344794.55	 73175.99
20180531.00	533786.03	3931169.41	700908.00	2225580.79	 95789.00	348027.62	 69443.91
20180601.00	559094.53	3930081.03	701186.00	2268859.22	 95789.00	354762.61	 69872.79
20180604.00	559094.53	3975747.88	700602.00	2276886.05	 97371.00	355777.65	 71240.59
20180605.00	559525.01	3969398.88	701102.00	2278248.94	 96464.00	353717.23	 71266.01
20180606.00	608768.01	3963591.88	700361.00	2276909.87	 95077.00	355052.35	 71721.96
20180607.00	608768.01	3957212.63	699761.00	2286254.18	 94847.00	353882.78	 72177.90
20180608.00	609263.76	3946042.05	699998.00	2243799.47	 94175.00	348184.08	 72633.86
20180611.00	615706.76	3947414.04	699865.00	2285545.47	 95504.00	356950.69	 74001.75
20180612.00	615706.76	3950894.02	700174.00	2290300.08	 95781.00	358140.09	 74457.68
20180613.00	616673.26	3955024.43	699950.00	2293987.75	 96154.00	359730.49	 74913.63
20180614.00	616673.26	3960208.85	699848.00	2320587.52	 96547.00	362520.66	 75369.61
20180615.00	622515.38	3963973.84	699992.00	2297185.83	 97149.00	360608.97	 69983.42
20180618.00	644184.09	3964479.51	700078.00	2293780.81	 97437.00	358223.58	 65601.31
20180619.00	644184.09	3955840.51	699892.00	2292684.47	 97329.00	358906.15	 66057.29
20180620.00	640660.19	3960087.81	700194.00	2292542.99	 97380.00	359923.12	 66513.29
20180621.00	640709.69	3953273.97	700564.00	2274936.11	 96316.00	354437.98	 66969.23
20180622.00	640709.69	3952907.90	700955.20	2297742.97	 96100.00	357187.08	 67425.19
20180625.00	640709.69	3941139.65	700318.20	2258470.45	 95512.00	352577.40	 68793.07
20180626.00	640709.69	3925196.08	700552.20	2256583.78	 95299.00	351748.21	 69249.06
20180627.00	641709.19	3913528.99	700043.20	2237682.08	 95804.00	350995.05	 69705.03
20180628.00	642201.19	3887741.16	700409.20	2221548.49	 95868.00	349404.39	 70161.01
20180629.00	645583.78	3895382.41	700437.80	2238921.38	 96328.00	352359.80	 66616.97
20180702.00	693026.34	3891529.41	688287.94	2232135.29	 96414.00	350122.67	 62634.52
20180703.00	693525.84	3911829.57	687651.94	2254221.07	 96443.00	354203.99	 63089.10
20180704.00	693525.84	3914309.99	688160.94	2223900.88	 96399.00	351833.49	 63543.65
20180705.00	698447.34	3922572.15	688372.94	2244153.78	 95835.00	354661.48	 63998.25
20180706.00	695977.31	3924704.15	688365.78	2271519.57	 95914.00	356798.59	 64452.78
20180709.00	674050.41	3932328.57	688306.78	2273029.20	 96127.00	357270.36	 65816.53
20180710.00	674543.16	3938219.07	688333.78	2272021.73	 96130.00	356589.33	 66271.10
20180711.00	674591.16	3935373.32	688885.78	2245464.47	 96048.00	353096.58	 66725.66
20180712.00	679091.16	3939504.09	688723.78	2269995.68	 96221.00	354617.89	 62680.25
20180713.00	688937.66	3943188.34	688826.36	2272470.79	 96469.00	355645.49	 63134.80
20180716.00	729472.78	3921398.96	689314.36	2276086.20	 96602.00	355931.23	 49584.19
20180717.00	730472.78	3922804.20	689191.36	2322129.93	 96875.00	358302.41	 50038.68
20180718.00	732395.63	3925553.20	688814.36	2335206.01	 96744.00	358483.99	 50493.16
20180719.00	732495.13	3924115.45	688533.36	2333572.70	 96839.00	357636.86	 50947.60
20180720.00	733537.84	3920707.95	689001.71	2335476.27	 96647.00	356749.59	 50359.42
20180723.00	743283.84	3919428.20	688875.71	2318411.04	 96495.00	353843.12	 51722.85
20180724.00	772830.34	3921997.45	688469.71	2308832.34	 96348.00	355605.89	 52177.28
20180725.00	772830.34	3922629.41	689157.71	2295847.53	 96379.00	354245.96	 52631.77
20180726.00	772830.34	3926413.16	688277.71	2326282.73	 96289.00	358674.86	 53086.25
20180727.00	773829.84	3929256.48	688539.56	2345792.00	 96072.00	360528.68	 53540.72
20180730.00	768705.23	3926387.23	687989.56	2339873.73	 95927.00	360836.94	 54904.12
20180731.00	772631.10	3929561.73	688224.12	2343680.38	 96063.00	364067.03	 51353.81
20180801.00	778286.85	3930884.58	688110.12	2352220.64	 96016.00	361633.09	 46626.59
20180802.00	778286.85	3922966.08	687882.12	2316779.08	 95301.00	354667.45	 47082.75
20180803.00	778286.85	3918341.08	687924.07	2322439.37	 95123.00	356227.00	 47538.85
20180806.00	777584.05	3916890.08	687970.07	2329860.15	 95302.00	356934.92	 48907.21
20180807.00	772135.20	3918596.83	688084.07	2345134.05	 95377.00	360004.60	 49363.34
20180808.00	772638.68	3919449.83	687252.07	2345727.72	 95333.00	359543.62	 49808.49
20180809.00	772686.68	3918449.33	687507.07	2340573.04	 95253.00	358186.45	 50264.62
20180810.00	771694.40	3909418.33	687815.06	2311180.87	 94630.00	351975.90	 50720.74
20180813.00	771694.40	3902753.33	687940.06	2299222.14	 94266.00	349900.13	 52089.17
20180814.00	771694.40	3904008.58	688019.06	2288861.93	 94351.00	348622.95	 52545.32
20180816.00	775548.92	3901981.58	688141.06	2268878.19	 94054.00	344636.00	 50603.09
20180817.00	775548.92	3900551.83	688522.86	2251638.40	 94103.00	342656.33	 51059.23
20180820.00	774583.21	3903511.08	688287.86	2258330.97	 94338.00	343101.67	 52427.64
20180821.00	774096.22	3904988.75	688457.86	2294586.93	 94593.00	347985.63	 52883.76
20180822.00	774145.72	3906181.75	687819.86	2296576.49	 94565.00	348125.34	 53339.92
20180823.00	778992.22	3906411.25	687879.86	2295721.04	 94427.00	346858.08	 53796.09
20180824.00	778992.22	3904118.50	687741.19	2288809.00	 94289.00	346929.62	 54252.22
20180827.00	783951.22	3903174.25	687844.19	2298160.97	 94128.00	347875.42	 55620.62
20180828.00	783951.22	3902803.25	687833.19	2278938.89	 93984.00	344739.60	 56076.75
20180829.00	784443.22	3901191.75	688048.19	2279619.90	 93877.00	345674.45	 56532.91
20180830.00	784443.22	3893089.25	687708.19	2275295.96	 93792.00	344394.85	 56989.06
20180831.00	784439.05	3883520.77	687411.35	2273583.36	 93201.00	341030.78	 57382.18
20180903.00	784938.55	3869934.02	687890.35	2272434.71	 93577.00	343468.68	 58723.51
20180904.00	784938.55	3870264.13	688455.35	2270292.67	 94139.00	345662.43	 59179.65
20180905.00	684525.83	3879136.51	789304.35	2266915.79	 94733.00	346767.56	 60140.52
20180906.00	684525.83	3887680.24	789413.35	2267401.05	 95210.00	345781.78	 60596.67
20180907.00	206174.66	3884107.34	789035.72	2275473.53	572280.00	345159.78	 61397.46
20180910.00	216663.91	3888050.59	789180.72	2289684.07	575538.00	351731.60	 62806.71
20180911.00	216711.91	3893984.59	788455.72	2292388.22	575358.00	350680.26	 63276.43
20180912.00	216711.91	3883616.45	790440.72	2310835.84	574524.00	352349.87	 63750.04
20180913.00	117989.18	3967517.95	790428.72	2311820.69	574812.00	351572.77	 62946.46
20180914.00	117989.18	3955223.65	790056.85	2320132.42	574098.00	351977.49	 63420.12
20180917.00	119033.62	3955855.40	790264.85	2320871.20	576594.00	353842.53	 63796.63
20180918.00	119033.62	3959402.40	790151.85	2336175.14	579492.00	355210.63	 64270.31
20180919.00	119133.12	3960428.90	789595.85	2353589.44	577470.00	357003.77	 64743.91
20180920.00	119133.12	3966582.15	789203.85	2350455.32	576210.00	356640.76	 65217.59
20180921.00	119182.62	3970251.15	789785.80	2355351.36	577416.00	357408.70	 65705.47
20180924.00	114792.91	3964979.15	789294.80	2346950.28	575688.00	355086.38	 67169.15
20180925.00	114792.91	3965696.40	789468.80	2346737.75	576972.00	357303.82	 67657.04
20180926.00	114792.91	3965203.65	789375.80	2343437.86	578706.00	357132.12	 68144.94
20180927.00	114792.91	3960939.96	789512.80	2336976.19	577590.00	355277.94	 68632.81
20180928.00	144377.24	3944341.96	789168.71	2305207.10	569616.00	346062.90	 69570.70
20181001.00	145077.42	3946590.56	789193.71	2303852.61	562086.00	344764.32	 69694.31
20181002.00	164923.92	3938144.63	788850.71	2294247.15	559056.00	342189.36	 70182.18
20181003.00	166365.92	3946522.38	789046.71	2298875.74	565896.00	343337.10	 70220.09
20181004.00	166365.92	3945026.63	789398.71	2292333.25	565722.00	342060.16	 70707.98
20181005.00	220857.92	3945867.34	789314.17	2188337.15	562596.00	335107.10	 71195.84
20181008.00	236954.42	3941624.59	788548.17	2129438.04	557490.00	326317.03	 61409.52
20181009.00	230092.86	3928343.80	788948.17	2119234.73	559104.00	325912.89	 61897.42
20181010.00	240483.11	3925808.80	788461.17	2086549.45	560268.00	321315.65	 62385.31
20181011.00	270026.61	3905155.55	788284.17	2058438.63	557742.00	315892.05	 62873.19
20181012.00	170511.11	4005719.00	788572.64	2073952.69	557172.00	316802.34	 63361.08
20181015.00	441308.05	3716633.25	788170.64	2054248.93	557766.00	314552.02	 62563.38
20181016.00	440365.37	3712229.50	787924.64	2103952.96	560166.00	321480.17	 63049.57
20181017.00	459861.87	3711062.75	789115.64	2093425.85	559146.00	318231.57	 59035.77
20181018.00	459861.87	3697267.50	788100.64	2074818.38	555450.00	315024.12	 59521.95
20181019.00	459961.37	3676217.00	788741.49	2047751.35	558324.00	313346.71	 60008.12
20181022.00	455351.41	3685988.00	788175.49	2040391.44	561126.00	311063.86	 60389.58
20181023.00	449782.27	3674435.50	787999.49	2000504.21	560052.00	306584.29	 60875.76
20181024.00	449782.27	3664903.75	788641.49	1984742.69	558096.00	303108.82	 61361.93
20181025.00	449782.27	3655194.25	788849.49	1994571.19	560214.00	306743.95	 61848.12
20181026.00	453282.27	3645081.50	788280.51	1977594.32	560748.00	302921.24	 58834.32
20181029.00	449666.32	3650363.50	789153.51	2012662.71	564378.00	311044.14	 60342.34
20181030.00	444602.77	3652958.00	789165.51	1993366.12	560850.00	309899.51	 60845.00
20181031.00	451117.01	3643464.25	789036.46	2002799.47	563304.00	310691.42	 54711.10
20181101.00	451117.01	3656565.25	788537.46	2003376.04	564702.00	311288.66	 55186.67
20181102.00	451110.84	3663656.75	787945.24	2025932.68	567504.00	315684.83	 55689.36
20181105.00	451110.84	3666707.25	782000.44	2018835.61	567024.00	313769.18	 57197.38
20181106.00	452102.84	3668638.75	781988.44	2009094.40	566808.00	313114.44	 57700.04
20181107.00	452102.84	3667550.25	781976.44	2045435.21	568470.00	318065.03	 58202.68
20181108.00	452611.62	3664503.50	781956.44	2042883.20	567636.00	315518.15	 58692.34
20181109.00	352659.62	3761424.75	781901.34	2039260.27	566904.00	314568.15	 59194.99
20181112.00	352810.88	3720918.00	781879.34	2010897.56	566226.00	310366.92	 60551.78
20181113.00	352810.88	3714946.00	781637.34	2024264.57	566226.00	312063.21	 61054.48
20181114.00	352810.88	3706955.25	781637.34	2000616.98	564906.00	308768.36	 61557.10
20181115.00	364253.61	3692000.75	781635.34	1984418.97	563796.00	305886.83	 46853.19
20181116.00	364253.61	3678367.75	780864.84	1976972.60	564186.00	305177.06	 47355.89
20181119.00	364250.61	3666637.75	780876.84	1961670.26	562950.00	303354.83	 48913.20
20181120.00	364250.61	3642826.00	780888.84	1932356.44	562320.00	297157.13	 49432.34
20181121.00	399413.91	3643673.50	780852.84	1921908.91	566226.00	298734.91	 49951.45
20181122.00	399413.91	3644977.50	780850.84	1925034.69	568260.00	298708.19	 50470.55
20181123.00	399413.91	3638025.75	781370.06	1952684.95	568932.00	301844.07	 50989.66
20181126.00	399413.91	3643703.50	781370.06	1983249.39	571698.00	309154.25	 52547.01
20181127.00	399413.91	3627773.25	781392.06	1988478.73	570480.00	308113.56	 53066.10
20181128.00	419110.41	3624585.25	781400.06	1986409.80	569904.00	308264.61	 53588.24
20181129.00	427188.99	3622194.50	781408.06	1991218.26	571068.00	308213.28	 54107.33
20181130.00	432106.32	3620204.00	781229.21	1994248.50	570456.00	307849.61	 54626.49
20181203.00	432106.32	3623270.25	781243.21	2027415.94	574758.00	313290.73	 56183.77
20181204.00	436102.82	3615089.00	781265.21	2028357.45	575142.00	311957.25	 56702.91
20181205.00	437523.66	3608564.75	781295.21	2012263.49	577968.00	310454.71	 56793.21
20181206.00	420044.85	3604085.00	781333.21	1988825.44	575934.00	301136.30	 57312.32
20181207.00	420044.85	3604818.50	780938.25	1989929.87	576786.00	303406.66	 57831.41
20181210.00	370191.13	3596155.75	780940.25	2019963.11	577746.00	298006.23	 59388.78
20181211.00	370242.13	3597265.25	780958.25	2024493.17	577506.00	299302.07	 59904.94
20181212.00	370242.13	3604381.75	780946.25	2064683.20	580098.00	304643.38	 60424.06
20181213.00	370242.13	3600499.50	780962.25	2061904.45	581478.00	304680.58	 60943.16
20181214.00	374489.13	3601385.00	781121.33	2048674.75	580656.00	302598.59	 62171.30
20181217.00	386192.24	3601828.50	781109.33	2014264.53	580866.00	298002.98	 52024.42
20181218.00	386192.24	3596608.50	781095.33	2009483.38	580872.00	297685.00	 48619.58
20181219.00	388016.15	3601359.25	781077.33	2023316.17	583632.00	301840.94	 49110.51
20181220.00	387113.79	3595238.00	781057.33	2011616.43	584238.00	297111.16	 49601.46
20181221.00	392009.79	3596869.75	781078.92	2012719.89	582648.00	296351.04	 50092.44
20181227.00	392009.79	3590598.00	781092.92	1996985.84	583170.00	292568.61	 53038.20
20181228.00	417478.73	3589674.25	765584.92	2034039.99	598350.00	296933.76	 53529.17
20190102.00	453768.00	3588751.50	753039.46	2039392.38	584970.00	298092.02	 48197.98
20190103.00	453761.83	3582982.75	753039.46	2065962.27	581952.00	300776.08	 48685.77
20190104.00	454751.83	3584931.75	752338.75	2087300.70	583494.00	306554.23	 49173.55
20190107.00	454751.83	3587803.25	752348.75	2111384.65	582894.00	309356.11	 50636.94
20190108.00	454751.83	3596665.50	752342.75	2121434.70	582306.00	310120.96	 51124.75
20190109.00	455295.58	3614185.50	752388.75	2132851.14	583614.00	312508.81	 51612.58
20190110.00	454836.94	3616148.75	752412.75	2134312.20	583398.00	312524.64	 52100.40
20190111.00	454833.94	3623682.00	752553.32	2132624.34	584490.00	313444.83	 52588.18
20190114.00	421612.80	3624728.25	752547.32	2112026.78	584934.00	310704.75	 54051.55
20190115.00	422000.08	3625077.50	752555.32	2137625.62	585168.00	311098.84	 53229.60
20190116.00	422000.08	3636558.25	752559.32	2148152.93	587508.00	314138.83	 53717.43
20190117.00	412162.89	3640046.00	752569.32	2151139.67	587508.00	314628.60	 54205.26
20190118.00	412162.89	3646312.00	753059.50	2167450.25	588936.00	317557.17	 54693.01
20190121.00	412262.39	3648850.75	753083.50	2160653.65	587838.00	316997.92	 56156.41
20190122.00	413316.56	3644275.75	753097.50	2150253.13	587886.00	315289.64	 55590.07
20190123.00	413366.06	3642568.25	753087.50	2158910.93	587868.00	315303.62	 56077.86
20190124.00	413366.06	3644992.25	753089.50	2166846.38	588840.00	317522.35	 56565.63
20190125.00	414741.06	3647613.00	753597.51	2180443.81	589026.00	320400.97	 55678.46
20190128.00	414741.06	3648572.00	753621.51	2161300.81	588528.00	318079.61	 57141.86
20190129.00	414741.06	3647645.25	753625.51	2161167.35	588924.00	319173.28	 57629.66
20190130.00	416710.56	3651353.00	753607.51	2167368.14	589098.00	319040.91	 58234.28
20190131.00	422460.53	3658842.00	754013.71	2169288.92	588702.00	318243.19	 52938.63
20190201.00	427612.61	3655629.75	754142.08	2161106.57	585462.00	316245.18	 53400.21
20190204.00	427612.61	3654973.00	754172.08	2169591.47	585174.00	316684.09	 54866.23
20190205.00	428604.61	3658937.75	754184.08	2182658.71	584334.00	319966.74	 55354.88
20190206.00	329148.61	3760893.00	754218.08	2191905.36	583614.00	321842.63	 55843.60
20190207.00	323992.36	3751143.25	754234.08	2169994.95	580410.00	316640.59	 56332.24
20190208.00	324501.65	3745533.50	755028.49	2153939.14	577266.00	313308.29	 56807.38
20190211.00	324549.65	3750489.50	755028.49	2170312.94	578868.00	316637.59	 58273.50
20190212.00	324549.65	3756041.25	755028.49	2192045.57	580944.00	320975.27	 58762.16
20190213.00	325033.15	3756275.25	755032.49	2198909.97	582804.00	322620.38	 59250.84
20190214.00	325033.15	3760104.00	755034.49	2212802.66	582732.00	322391.14	 59739.56
20190215.00	329369.10	3764884.00	755079.58	2232698.48	583542.00	326528.39	 55903.71
20190218.00	329369.10	3771178.00	755099.58	2245282.66	584820.00	327964.53	 57391.39
20190219.00	329369.10	3779125.00	755103.58	2216779.71	584106.00	325235.30	 57887.25
20190220.00	344920.92	3780654.50	755109.58	2205975.74	582384.00	326381.66	 58383.13
20190221.00	344970.42	3781554.75	755115.58	2200922.04	582480.00	325207.85	 58879.01
20190222.00	344970.42	3792815.50	755411.95	2238119.21	581514.00	328008.86	 59374.93
20190225.00	344970.42	3805308.25	755421.95	2241673.60	584004.00	329979.82	 60862.56
20190226.00	344970.42	3811001.00	755423.95	2236952.48	585330.00	330140.61	 61358.49
20190227.00	344970.42	3813784.50	755467.95	2240957.14	584082.00	329841.51	 61854.36
20190228.00	346939.92	3811150.75	755262.30	2251522.58	584844.00	333162.16	 62350.24
20190301.00	252791.25	3915009.00	755353.32	2265880.99	585390.00	334386.06	 57156.57
20190304.00	259165.75	3918920.50	755369.32	2286119.17	585090.00	335877.01	 52768.99
20190305.00	260583.00	3920612.00	755371.32	2287887.46	585744.00	336333.12	 52839.58
20190306.00	260583.00	3816398.00	854175.32	2302027.19	587112.00	339085.05	 53335.39
20190307.00	260583.00	3819392.50	854167.32	2278794.43	589428.00	336094.88	 53831.20
20190307.00	260583.00	3819392.50	854167.32	2278794.43	589428.00	336094.88	 53831.20
20190308.00	261078.75	3811542.25	855900.88	2267325.11	588888.00	334008.70	 54327.02
20190311.00	261126.75	3813117.00	855920.88	2259335.63	587160.00	333351.22	 55830.91
20190312.00	261126.75	3826584.00	855930.88	2276830.10	587370.00	334316.21	 56332.22
20190313.00	261126.75	3838461.00	856003.88	2281020.92	587202.00	334613.50	 56833.51
20190314.00	462513.38	3644066.25	855993.88	2297921.53	589086.00	336682.96	 55333.43
20190315.00	463491.16	3645958.25	856743.94	2301165.85	588978.00	337333.11	 54856.88
20190318.00	463491.16	3649029.75	856757.94	2307739.77	590148.00	338929.82	 56360.77
20190319.00	463491.16	3651795.75	856898.94	2321125.03	589686.00	341190.17	 56847.57
20190320.00	458855.84	3646453.75	857060.94	2312536.16	589164.00	339020.27	 57334.38
20190321.00	417888.73	3747232.50	757894.94	2356914.49	589590.00	339808.84	 57821.15
20190322.00	417888.73	3742883.50	758594.53	2339156.75	588606.00	335743.81	 58307.94
20190325.00	417888.73	3742781.50	758598.53	2325745.08	587706.00	334549.45	 59768.32
20190326.00	417888.73	3745476.00	758598.53	2339927.31	588660.00	336488.31	 60255.11
20190327.00	414882.03	3747531.00	758598.53	2346701.94	588150.00	336315.71	 60741.87
20190328.00	317005.53	3849690.00	758586.53	2352502.54	587856.00	335560.20	 61228.65
20190329.00	320365.59	3852896.50	759087.48	2354519.75	587562.00	338274.83	 57965.46
20190401.00	321676.21	3858718.50	759099.48	2355594.05	587550.00	341384.87	 58053.69
20190402.00	321670.04	3869348.50	759093.48	2367175.35	586590.00	341179.97	 70023.30
20190403.00	433990.90	3871596.50	759097.48	2377309.70	586956.00	344748.28	 59027.18
20190404.00	548723.35	3753245.25	759091.48	2369903.18	586692.00	344681.68	 56045.76
20190405.00	295258.03	3911601.50	758899.41	2381539.42	587142.00	345887.33	 60383.37
20190408.00	295258.03	3918920.50	758899.41	2391631.98	587124.00	345429.30	 61863.12
20190409.00	295258.03	3923716.50	758891.41	2370916.52	587604.00	343518.10	 62343.32
20190410.00	295801.78	3929485.50	758887.41	2367297.48	587796.00	342569.71	 62834.46
20190411.00	290934.52	3932389.25	758871.41	2374765.24	588900.00	343430.84	 63325.59
20190412.00	290934.52	3934000.75	758861.76	2374299.90	589350.00	344521.38	 63816.70
20190415.00	294439.50	3935396.75	758867.76	2384855.92	588864.00	345920.53	 64008.83
20190416.00	219588.77	3943746.75	758863.76	2460202.93	588000.00	345997.04	 64500.00
20190417.00	219588.77	3942804.25	758841.76	2448712.28	587430.00	345661.93	 64991.10
20190418.00	219588.77	3941602.50	758817.76	2447971.74	587262.00	345096.74	 65482.23
20190423.00	225948.58	3946518.50	759255.61	2461285.92	586176.00	345438.80	 62920.08
20190424.00	225948.58	3945195.50	759259.61	2464030.11	586350.00	343337.35	 63411.16
20190425.00	225998.08	3942914.25	759241.61	2473901.14	585702.00	344148.63	 63902.30
20190426.00	225995.08	3943436.25	759642.94	2472971.34	586530.00	343954.55	 64393.39
20190429.00	229011.77	3949347.50	759502.94	2479314.56	586980.00	345076.02	 65866.68
20190430.00	190225.09	3950295.00	759441.59	2483450.07	587742.00	345927.88	 60845.14
20190502.00	190225.09	3950295.00	759441.59	2483450.07	587742.00	345927.88	 60845.14
20190503.00	149140.54	3951653.50	759575.71	2505358.28	588882.00	344553.17	 62318.40
20190506.00	161909.22	3951912.25	759583.71	2460396.51	588474.00	339475.72	 63791.71
20190507.00	161909.22	3944027.00	759583.71	2455842.33	587982.00	336697.90	 64282.82
20190508.00	142943.59	3933685.50	759585.71	2452235.97	587112.00	336718.35	 64758.59
20190509.00	142991.59	3925875.75	759581.71	2415306.89	585822.00	330890.25	 65249.63
20190510.00	142991.59	3925679.50	759265.66	2416560.14	586080.00	331219.40	 65740.74
20190513.00	150808.87	3917907.75	759269.66	2372104.67	585270.00	324981.52	 70273.07
20190514.00	150808.87	3914592.50	759273.66	2388885.45	583776.00	327816.78	 70764.17
20190515.00	125935.34	3908711.75	759267.66	2364658.07	582540.00	327052.14	 67041.87
20190516.00	125935.34	3911428.50	759255.66	2376064.41	583428.00	329711.14	 67532.98
20190517.00	122216.40	3910315.00	759126.75	2371398.96	584106.00	329210.70	 68024.13
20190520.00	152537.56	3908814.00	759128.75	2331225.90	583404.00	327061.03	 69497.36
20190521.00	143371.54	3912009.50	759126.75	2352779.96	584268.00	329618.92	 69988.43
20190522.00	144036.05	3912105.50	759128.75	2356500.40	584592.00	329341.35	 70479.55
20190523.00	142329.34	3901444.50	759118.75	2336420.40	584244.00	324421.14	 70970.64
20190524.00	142329.34	3901444.50	759118.75	2336420.40	584244.00	324421.14	 70970.64
20190527.00	148407.56	3901767.25	758808.53	2339376.22	583710.00	326573.91	 71185.01
20190528.00	148407.56	3893832.75	758804.53	2335036.15	582972.00	326040.59	 71676.09
20190529.00	141044.36	3895546.00	758800.53	2299722.77	583452.00	323301.51	 72167.15
20190530.00	137555.06	3893885.25	758786.53	2308880.23	583218.00	323178.81	 72658.28
20190531.00	141680.06	3882253.50	758923.49	2294984.17	582672.00	321782.30	 68989.96
20190603.00	141680.06	3882253.50	758923.49	2294984.17	582672.00	321782.30	 68989.96
20190604.00	141675.89	3892073.50	758915.49	2324140.38	584790.00	325066.30	 70927.14
20190605.00	143104.89	3896009.50	758913.49	2338259.50	584550.00	326045.65	 70981.16
20190606.00	143104.89	3894510.25	758893.49	2342727.92	585282.00	326452.43	 71472.17
20190607.00	143104.89	3897692.50	758954.19	2357748.64	587244.00	329183.97	 71963.13
20190610.00	143104.89	3900641.25	758950.19	2374235.02	587088.00	331022.54	 73931.90
20190611.00	145789.94	3904828.75	758944.19	2378093.28	586338.00	333088.87	 71785.92
20190612.00	145789.94	3902599.50	758934.19	2361543.01	586050.00	330720.71	 72276.84
20190613.00	145789.94	3904571.25	758916.19	2361955.82	586512.00	332641.94	 72767.85
20190614.00	117290.98	3906237.50	759417.82	2354470.86	587100.00	331253.39	 73258.85
20190617.00	107652.42	3909245.75	759415.82	2350530.98	587472.00	331036.39	 67868.36
20190618.00	113402.42	3917336.25	759411.82	2376081.98	589254.00	335384.37	 62609.01
20190619.00	113501.92	3921806.00	759407.82	2375578.38	589656.00	336143.13	 63099.64
20190620.00	112096.20	3931128.00	759391.82	2385607.41	589824.00	338423.47	 63590.27
