272
326
298
361
313
256
328
348
311
334
248
360
269
339
302
330
293
304
270
292
359
344
244
322
284
308
267
257
349
359
288
304
283
355
254
318
330
360
326
354
318
346
319
277
303
284
299
335
314
281
303
281
282
337
346
281
338
318
280
321
295
369
280
316
279
293
371
320
355
309
399
331
341
316
334
336
269
369
323
294
332
302
323
323
279
310
332
321
306
389
314
345
299
316
350
271
296
291
308
361
