# # # # # # # # # # # # # Date		SUBS
20170705.00	5000000.00
20170706.00	5000000.00
20170707.00	5000000.00
20170710.00	5000000.00
20170711.00	5000000.00
20170712.00	5000000.00
20170713.00	5000000.00
20170714.00	5000000.00
20170717.00	5000000.00
20170718.00	5000000.00
20170719.00	5000000.00
20170720.00	5000000.00
20170721.00	5010000.00
20170724.00	5010000.00
20170725.00	5010000.00
20170726.00	5010000.00
20170727.00	5010000.00
20170728.00	5010000.00
20170731.00	5010000.00
20170801.00	5010000.00
20170802.00	5013000.00
20170803.00	5013000.00
20170804.00	5013000.00
20170807.00	5013000.00
20170808.00	5013000.00
20170809.00	5013000.00
20170810.00	5038603.00
20170811.00	5046476.00
20170814.00	5091387.00
20170816.00	5111233.50
20170817.00	5116230.00
20170818.00	5116230.00
20170821.00	5116230.00
20170822.00	5116230.00
20170823.00	5128223.00
20170824.00	5128223.00
20170825.00	5130718.00
20170828.00	5140711.00
20170829.00	5140711.00
20170830.00	5140711.00
20170831.00	5140711.00
20170901.00	5170254.00
20170904.00	5170254.00
20170905.00	5170254.00
20170906.00	5171235.50
20170907.00	5171235.50
20170908.00	5171235.50
20170911.00	5173232.00
20170912.00	5175228.50
20170913.00	5176225.50
20170914.00	5176225.50
20170915.00	5181218.50
20170918.00	5181218.50
20170919.00	5190080.00
20170920.00	5195001.50
20170921.00	5232424.50
20170922.00	5232424.50
20170925.00	5265436.50
20170926.00	5280208.00
20170927.00	5296118.50
20170928.00	5306111.50
20170929.00	5334951.00
20171002.00	5363798.50
20171003.00	5370690.00
20171004.00	5385686.50
20171005.00	5402477.00
20171006.00	5461553.50
20171009.00	5490404.50
20171010.00	5514109.00
20171011.00	5527145.50
20171012.00	5537067.00
20171013.00	5537067.00
20171016.00	5546936.50
20171017.00	5608210.50
20171018.00	5626911.50
20171019.00	5676627.50
20171020.00	5712797.50
20171023.00	5727577.50
20171024.00	5736253.28
20171025.00	5746171.28
20171026.00	5795087.78
20171027.00	5816005.28
20171030.00	5929914.78
20171031.00	5985314.78
20171101.00	6000198.78
20171102.00	6000198.78
20171103.00	6042604.28
20171106.00	6062290.28
20171107.00	6122392.28
20171108.00	6156750.53
20171109.00	6193208.03
20171110.00	6287613.53
20171113.00	6317559.53
20171114.00	6327556.03
20171115.00	6356877.64
20171116.00	6383788.64
20171117.00	6411422.64
20171120.00	6431839.14
20171121.00	6433296.64
20171122.00	6433296.64
20171123.00	6491378.14
20171124.00	6516146.14
20171127.00	6523564.14
20171128.00	6528976.64
20171129.00	6590304.14
20171130.00	6620031.14
20171201.00	6641848.64
20171204.00	6642339.64
20171205.00	6657145.14
20171206.00	6680323.14
20171207.00	6719821.64
20171208.00	6771712.89
20171211.00	6776712.89
20171212.00	6802416.64
20171213.00	6828136.14
20171214.00	6833541.14
20171215.00	6840966.14
20171218.00	6854338.14
20171219.00	6860266.14
20171220.00	6865225.14
20171221.00	6870146.64
20171222.00	6979536.14
20171227.00	6999232.64
20171228.00	6999232.64
20171229.00	7000724.14
20180102.00	7004115.64
20180103.00	7004115.64
20180104.00	7011988.64
20180105.00	7012970.14
20180108.00	7034633.14
20180109.00	7034633.14
20180110.00	7035128.89
20180111.00	7037095.39
20180112.00	7042016.89
20180115.00	7051863.39
20180116.00	7093763.39
20180117.00	7124201.89
20180118.00	7193396.89
20180119.00	7243161.39
20180122.00	7278986.89
20180123.00	7343515.89
20180124.00	7485796.89
20180125.00	7564727.71
20180126.00	7676999.71
20180129.00	7687845.71
20180130.00	7804577.71
20180131.00	7872176.21
20180201.00	7933018.71
20180202.00	8039765.71
20180205.00	8079248.71
20180206.00	8099091.71
20180207.00	8133781.21
20180208.00	8274508.96
20180209.00	8309611.46
20180212.00	8334232.96
20180213.00	8384595.46
20180214.00	8412119.96
20180215.00	8412119.96
20180216.00	8423041.46
20180219.00	8457905.46
20180220.00	8477898.46
20180221.00	8507894.96
20180222.00	8522737.96
20180223.00	8552509.46
20180226.00	8622498.96
20180227.00	8647495.46
20180228.00	8677562.54
20180301.00	8731051.76
20180302.00	8766972.52
20180305.00	8767964.52
20180306.00	8782848.52
20180307.00	8782848.52
20180308.00	8788265.77
20180309.00	8809003.27
20180312.00	8813999.77
20180313.00	8919055.27
20180314.00	8963841.02
20180315.00	9062690.52
20180316.00	9118455.02
20180319.00	9118551.02
20180320.00	9118551.02
20180321.00	9118250.28
20180322.00	9118250.28
20180323.00	9133021.78
20180326.00	9155666.28
20180327.00	9155666.28
20180328.00	9162004.28
20180329.00	9177950.78
20180304.00	9178947.28
20180404.00	9179446.78
20180405.00	9199143.28
20180406.00	9210046.28
20180409.00	9234889.28
20180410.00	9255231.53
20180411.00	9271133.03
20180412.00	9291051.03
20180413.00	9300897.53
20180416.00	9300897.53
20180417.00	8803459.43
20180418.00	8803555.43
20180419.00	8850714.43
20180420.00	8867094.93
20180423.00	8901987.43
20180424.00	8901987.43
20180425.00	8403968.63
20180426.00	8405245.90
20180427.00	8425941.90
20180430.00	8436430.40
20180502.00	8486194.90
20180503.00	8506390.90
20180504.00	7989464.46
20180507.00	7989464.46
20180508.00	7999460.96
20180509.00	8000004.71
20180510.00	8020001.21
20180511.00	8020970.71
20180514.00	8049987.29
20180515.00	8050987.29
20180516.00	8049974.02
20180517.00	8054991.52
20180518.00	8103227.52
20180521.00	8103327.02
20180522.00	8103327.02
20180523.00	8108373.02
20180524.00	8118219.52
20180525.00	8118219.52
20180528.00	8128141.02
20180529.00	8134062.02
20180530.00	8134554.02
20180531.00	8154250.52
20180601.00	8179559.02
20180604.00	8179559.02
20180605.00	8179559.02
20180606.00	8228802.02
20180607.00	8228802.02
20180608.00	8229297.77
20180611.00	8229345.77
20180612.00	8229345.77
20180613.00	8230315.27
20180614.00	8230315.27
20180615.00	8229326.99
20180618.00	8243124.99
20180619.00	8243124.99
20180620.00	8243224.49
20180621.00	8243273.99
20180622.00	8243273.99
20180625.00	8243273.99
20180626.00	8243273.99
20180627.00	8244273.49
20180628.00	8244765.49
20180629.00	8244765.49
20180702.00	8274308.49
20180703.00	8274807.99
20180704.00	8274807.99
20180705.00	8276281.46
20180706.00	8277262.96
20180709.00	8287109.46
20180710.00	8287605.21
20180711.00	8287653.21
20180712.00	8287653.21
20180713.00	8297499.71
20180716.00	8297499.71
20180717.00	8298499.71
20180718.00	8298499.71
20180719.00	8298599.21
20180720.00	8298599.21
20180723.00	8308345.21
20180724.00	8337891.71
20180725.00	8337891.71
20180726.00	8337891.71
20180727.00	8338891.21
20180730.00	8339383.21
20180731.00	8339383.21
20180801.00	8339882.71
20180802.00	8339882.71
20180803.00	8339882.71
20180806.00	8339183.41
20180807.00	8333738.06
20180808.00	8334233.81
20180809.00	8334281.81
20180810.00	8333293.03
20180813.00	8333293.03
20180814.00	8333293.03
20180816.00	8334293.03
20180817.00	8333330.82
20180820.00	8332747.83
20180821.00	8332847.33
20180822.00	8332896.83
20180823.00	8337743.33
20180824.00	8337743.33
20180827.00	8342702.33
20180828.00	8342702.33
20180829.00	8343194.33
20180830.00	8343194.33
20180831.00	8343194.33
20180903.00	8343693.83
20180904.00	8343693.83
20180905.00	8344685.83
20180906.00	8344685.83
20180907.00	8344685.83
20180910.00	8355178.08
20180911.00	8355226.08
20180912.00	8355226.08
20180913.00	8355226.08
20180914.00	8355226.08
20180917.00	8355226.08
20180918.00	8355226.08
20180919.00	8355325.58
20180920.00	8355325.58
20180921.00	8350990.37
20180924.00	8350990.37
20180925.00	8350990.37
20180926.00	8350990.37
20180927.00	8350990.37
20180928.00	8381028.87
20181001.00	8381028.87
20181002.00	8400875.37
20181003.00	8401867.37
20181004.00	8401867.37
20181005.00	8401867.37
20181008.00	8406713.87
20181009.00	8430350.37
20181010.00	8440740.62
20181011.00	8470287.12
20181012.00	8470770.62
20181015.00	8470770.62
20181016.00	8469832.44
20181017.00	8484828.94
20181018.00	8484828.94
20181019.00	8484928.44
20181022.00	8479244.90
20181023.00	8473679.26
20181024.00	8473679.26
20181025.00	8473679.26
20181026.00	8473679.26
20181029.00	8470066.81
20181030.00	8470558.81
20181031.00	8470558.81
20181101.00	8470558.81
20181102.00	8470558.81
20181105.00	8470558.81
20181106.00	8471550.81
20181107.00	8471550.81
20181108.00	8472046.56
20181109.00	8472094.56
20181112.00	8472094.56
20181113.00	8472094.56
20181114.00	8472094.56
20181115.00	8468337.69
20181116.00	8468337.69
20181119.00	8468337.69
20181120.00	8468337.69
20181121.00	8502879.69
20181122.00	8502879.69
20181123.00	8502879.69
20181126.00	8502879.69
20181127.00	8502879.69
20181128.00	8522579.19
20181129.00	8532500.69
20181130.00	8537422.19
20181203.00	8537422.19
20181204.00	8541418.69
20181205.00	8542410.69
20181206.00	8542410.69
20181207.00	8540664.72
20181210.00	8541160.47
20181211.00	8541208.47
20181212.00	8541208.47
20181213.00	8541208.47
20181214.00	8546167.47
20181217.00	8546167.47
20181218.00	8546167.47
20181219.00	8545368.11
20181220.00	8545368.11
20181221.00	8550264.11
20181227.00	8545740.05
20181228.00	8575740.05
20190102.00	8577709.55
20190103.00	8577709.55
20190104.00	8578701.55
20190107.00	8578701.55
20190108.00	8578701.55
20190109.00	8578788.16
20190110.00	8578788.16
20190111.00	8574323.32
20190114.00	8573887.88
20190115.00	8573887.88
20190116.00	8564054.19
20190117.00	8564054.19
20190118.00	8564054.19
20190121.00	8564153.69
20190122.00	8564153.69
20190123.00	8564203.19
20190124.00	8564203.19
20190125.00	8564203.19
20190128.00	8564203.19
20190129.00	8564203.19
20190130.00	8566172.69
20190131.00	8566172.69
20190201.00	8566172.69
20190204.00	8566172.69
20190205.00	8567164.69
20190206.00	8567164.69
20190207.00	8567164.69
20190208.00	8567660.44
20190211.00	8567708.44
20190212.00	8567708.44
20190213.00	8568191.94
20190214.00	8568191.94
20190215.00	8568191.94
20190218.00	8568191.94
20190219.00	8568191.94
20190220.00	8571287.94
20190221.00	8571337.44
20190222.00	8571337.44
20190225.00	8571337.44
20190226.00	8571337.44
20190227.00	8571337.44
20190228.00	8573306.94
20190301.00	8573306.94
20190304.00	8573806.44
20190305.00	8574798.44
20190306.00	8574798.44
20190307.00	8574798.44
20190308.00	8575294.19
20190311.00	8575342.19
20190312.00	8575342.19
20190313.00	8575342.19
20190314.00	8575342.19
20190315.00	8575342.19
20190318.00	8575342.19
20190319.00	8575342.19
20190320.00	8574478.59
20190321.00	8574528.09
20190322.00	8574528.09
20190325.00	8574528.09
20190326.00	8571524.89
20190327.00	8571524.89
20190328.00	8573494.39
20190329.00	8573494.39
20190401.00	8573494.39
20190402.00	8573494.39
20190403.00	8574022.44
20190404.00	8574022.44
20190405.00	8574022.44
20190408.00	8574022.44
20190409.00	8574022.44
20190410.00	8569702.43
20190411.00	8569702.43
20190412.00	8569702.43
20190415.00	8569702.43
20190416.00	8569702.43
20190417.00	8569702.43
20190418.00	8569702.43
20190423.00	8569801.93
20190424.00	8569801.93
20190425.00	8568876.45
20190426.00	8568876.45
20190429.00	8563982.57
20190430.00	8565952.07
20190502.00	8565952.07
20190503.00	8556402.31
20190506.00	8557394.31
20190507.00	8537921.10
20190508.00	8538416.85
20190509.00	8538464.85
20190510.00	8538464.85
20190513.00	8538464.85
20190514.00	8509381.46
20190515.00	8509381.46
20190516.00	8505666.02
20190517.00	8505666.02
20190520.00	8496407.50
20190521.00	8496507.00
20190522.00	8494853.29
20190523.00	8494853.29
20190524.00	8494853.29
20190527.00	8494853.29
20190528.00	8485527.09
20190529.00	8484625.80
20190530.00	8484625.80
20190531.00	8484625.80
20190603.00	8484625.80
20190604.00	8484625.80
20190605.00	8485617.80
20190606.00	8485617.80
20190607.00	8485617.80
20190610.00	8486113.55
20190611.00	8486161.55
20190612.00	8486161.55
20190613.00	8457666.09
20190614.00	8457666.09
20190617.00	8457666.09
20190618.00	8457666.09
20190619.00	8456364.87
20190620.00	8456364.87
