# # # # # # # # # # # # # # # Date		TOTAL_ASSETS
20170705.00	4999781.00
20170706.00	4999451.71
20170707.00	5000264.22
20170710.00	4999732.79
20170711.00	4997403.02
20170712.00	5001126.39
20170713.00	5001012.48
20170714.00	5000396.02
20170717.00	4999144.25
20170718.00	4998345.38
20170719.00	5005663.26
20170720.00	5009129.93
20170721.00	5019221.52
20170724.00	5022278.52
20170725.00	5026851.50
20170726.00	5026234.89
20170727.00	5033412.94
20170728.00	5023235.92
20170731.00	5042810.76
20170801.00	5048713.42
20170802.00	5057943.83
20170803.00	5063528.91
20170804.00	5061491.93
20170807.00	5064982.30
20170808.00	5066153.06
20170809.00	5055296.13
20170810.00	5072170.13
20170811.00	5058117.68
20170814.00	5123607.55
20170816.00	5151968.62
20170817.00	5152777.11
20170818.00	5143129.01
20170821.00	5149399.29
20170822.00	5144867.11
20170823.00	5150349.17
20170824.00	5147355.55
20170825.00	5150896.12
20170828.00	5152639.33
20170829.00	5142602.49
20170830.00	5150768.64
20170831.00	5164529.37
20170901.00	5208469.29
20170904.00	5205811.11
20170905.00	5205779.32
20170906.00	5201930.85
20170907.00	5208027.19
20170908.00	5213649.84
20170911.00	5230699.48
20170912.00	5236600.07
20170913.00	5238810.17
20170914.00	5240822.87
20170915.00	5237678.05
20170918.00	5255048.67
20170919.00	5273327.43
20170920.00	5280997.20
20170921.00	5323152.37
20170922.00	5326653.66
20170925.00	5371668.75
20170926.00	5381827.78
20170927.00	5407520.57
20170928.00	5424718.16
20170929.00	5457395.48
20171002.00	5494904.06
20171003.00	5482815.67
20171004.00	5500836.64
20171005.00	5535738.14
20171006.00	5592528.37
20171009.00	5621978.74
20171010.00	5644512.67
20171011.00	5675071.20
20171012.00	5691225.91
20171013.00	5693400.65
20171016.00	5712947.09
20171017.00	5771518.56
20171018.00	5814094.86
20171019.00	5819108.58
20171020.00	5838293.81
20171023.00	5868547.22
20171024.00	5879525.26
20171025.00	5874550.45
20171026.00	5937164.94
20171027.00	5960358.20
20171030.00	6098576.08
20171031.00	6159813.34
20171101.00	6181636.28
20171102.00	6170750.95
20171103.00	6226127.62
20171106.00	6257619.11
20171107.00	6308608.66
20171108.00	6318255.04
20171109.00	6325542.12
20171110.00	6405012.36
20171113.00	6405608.20
20171114.00	6425905.36
20171115.00	6427918.05
20171116.00	6483050.07
20171117.00	6505473.35
20171120.00	6545025.15
20171121.00	6564686.23
20171122.00	6573470.93
20171123.00	6639227.13
20171124.00	6662832.23
20171127.00	6664396.03
20171128.00	6682234.29
20171129.00	6742177.61
20171130.00	6776718.77
20171201.00	6775356.67
20171204.00	6791520.95
20171205.00	6808828.95
20171206.00	6829361.74
20171207.00	6872094.83
20171208.00	6932639.24
20171211.00	6946793.51
20171212.00	6961090.76
20171213.00	6965576.71
20171214.00	6958582.77
20171215.00	6958416.03
20171218.00	6992278.60
20171219.00	6985253.93
20171220.00	6979817.83
20171221.00	6991961.16
20171222.00	7091302.48
20171227.00	7117789.28
20171228.00	7123367.65
20171229.00	7106164.42
20180102.00	7122282.85
20180103.00	7151054.49
20180104.00	7195395.23
20180105.00	7209596.54
20180108.00	7243598.70
20180109.00	7256210.08
20180110.00	7243239.49
20180111.00	7238297.96
20180112.00	7257023.82
20180115.00	7272253.68
20180116.00	7287393.55
20180117.00	7318507.47
20180118.00	7390014.62
20180119.00	7458532.92
20180122.00	7514782.08
20180123.00	7588941.07
20180124.00	7720989.93
20180125.00	7777829.53
20180126.00	7914427.38
20180129.00	7902650.81
20180130.00	7970984.90
20180131.00	8042056.16
20180201.00	8103830.66
20180202.00	8146000.55
20180205.00	8140949.38
20180206.00	8109179.07
20180207.00	8212713.70
20180208.00	8275308.50
20180209.00	8284862.15
20180212.00	8307366.68
20180213.00	8330948.95
20180214.00	8398217.85
20180215.00	8411879.01
20180216.00	8470847.04
20180219.00	8481415.40
20180220.00	8496033.42
20180221.00	8509007.57
20180222.00	8516587.05
20180223.00	8528689.33
20180226.00	8628058.16
20180227.00	8638466.09
20180228.00	8659298.05
20180301.00	8667780.55
20180302.00	8656964.22
20180305.00	8657261.32
20180306.00	8729204.23
20180307.00	8748264.41
20180308.00	8793901.62
20180309.00	8849723.11
20180312.00	8863463.02
20180313.00	8968150.95
20180314.00	8991409.04
20180315.00	9103925.03
20180316.00	9152578.09
20180319.00	9156302.53
20180320.00	9149364.65
20180321.00	9135052.32
20180322.00	9102806.59
20180323.00	9102353.98
20180326.00	9111354.02
20180327.00	9149493.39
20180328.00	9150493.17
20180329.00	9187528.02
20180304.00	9195778.96
20180404.00	9184467.50
20180405.00	9215857.94
20180406.00	9230946.75
20180409.00	9248429.73
20180410.00	9281342.00
20180411.00	9271968.93
20180412.00	9318921.27
20180413.00	9329415.53
20180416.00	9325175.09
20180417.00	9347337.77
20180418.00	8853670.85
20180419.00	8865573.67
20180420.00	8888541.63
20180423.00	8939177.93
20180424.00	8986350.98
20180425.00	8955064.09
20180426.00	8458830.10
20180427.00	8481433.55
20180430.00	8502312.88
20180502.00	8591401.96
20180503.00	8603277.48
20180504.00	8613946.87
20180507.00	8120308.02
20180508.00	8104399.26
20180509.00	8114337.56
20180510.00	8120525.33
20180511.00	8145728.22
20180514.00	8178663.34
20180515.00	8153718.40
20180516.00	8086850.53
20180517.00	8089427.42
20180518.00	8063814.07
20180521.00	8052428.51
20180522.00	8054371.51
20180523.00	8021878.89
20180524.00	8042045.57
20180525.00	8020382.60
20180528.00	7957263.67
20180529.00	7820800.46
20180530.00	7858742.88
20180531.00	7904704.76
20180601.00	7979645.18
20180604.00	8036719.70
20180605.00	8029722.07
20180606.00	8071482.07
20180607.00	8072903.50
20180608.00	8014096.22
20180611.00	8074987.71
20180612.00	8085453.63
20180613.00	8096433.56
20180614.00	8131754.90
20180615.00	8111408.44
20180618.00	8123784.30
20180619.00	8114893.51
20180620.00	8117301.40
20180621.00	8087206.98
20180622.00	8113028.03
20180625.00	8057520.46
20180626.00	8039338.02
20180627.00	8009467.54
20180628.00	7967333.44
20180629.00	7995630.14
20180702.00	8014150.17
20180703.00	8060964.51
20180704.00	8031673.79
20180705.00	8068040.94
20180706.00	8097732.18
20180709.00	8086928.85
20180710.00	8092108.17
20180711.00	8060184.97
20180712.00	8090833.85
20180713.00	8108672.44
20180716.00	8118389.72
20180717.00	8169814.36
20180718.00	8187690.35
20180719.00	8184140.10
20180720.00	8182479.78
20180723.00	8172059.76
20180724.00	8196261.01
20180725.00	8183721.72
20180726.00	8221854.05
20180727.00	8247559.28
20180730.00	8234623.81
20180731.00	8245581.17
20180801.00	8253777.87
20180802.00	8202965.33
20180803.00	8205880.22
20180806.00	8213448.48
20180807.00	8228695.09
20180808.00	8229753.41
20180809.00	8222920.19
20180810.00	8177435.30
20180813.00	8157865.23
20180814.00	8148103.24
20180816.00	8123842.84
20180817.00	8104080.57
20180820.00	8114580.43
20180821.00	8157592.15
20180822.00	8160754.08
20180823.00	8164085.54
20180824.00	8155131.75
20180827.00	8170754.67
20180828.00	8148326.90
20180829.00	8149387.42
20180830.00	8135712.53
20180831.00	8120568.49
20180903.00	8110966.82
20180904.00	8112931.78
20180905.00	8121523.56
20180906.00	8130608.92
20180907.00	8133628.49
20180910.00	8173655.60
20180911.00	8180855.13
20180912.00	8192228.83
20180913.00	8177087.77
20180914.00	8172897.71
20180917.00	8180258.23
20180918.00	8203735.95
20180919.00	8221964.99
20180920.00	8223442.79
20180921.00	8235101.10
20180924.00	8213960.67
20180925.00	8218628.72
20180926.00	8216793.28
20180927.00	8203722.61
20180928.00	8168344.61
20181001.00	8161258.93
20181002.00	8157593.95
20181003.00	8180263.94
20181004.00	8171614.65
20181005.00	8113275.52
20181008.00	8041781.77
20181009.00	8013533.87
20181010.00	7985271.49
20181011.00	7958412.20
20181012.00	7976090.86
20181015.00	7935242.27
20181016.00	7989168.21
20181017.00	7989879.45
20181018.00	7950044.46
20181019.00	7904350.04
20181022.00	7902485.78
20181023.00	7840233.52
20181024.00	7810636.95
20181025.00	7817203.27
20181026.00	7786742.16
20181029.00	7837610.52
20181030.00	7811686.91
20181031.00	7815123.71
20181101.00	7830773.09
20181102.00	7867523.70
20181105.00	7856644.70
20181106.00	7849446.91
20181107.00	7891802.45
20181108.00	7883801.25
20181109.00	7875913.12
20181112.00	7803650.48
20181113.00	7813002.48
20181114.00	7777251.91
20181115.00	7738844.69
20181116.00	7717177.75
20181119.00	7688653.49
20181120.00	7629231.36
20181121.00	7660761.52
20181122.00	7667715.68
20181123.00	7693260.40
20181126.00	7741136.12
20181127.00	7728717.61
20181128.00	7743262.37
20181129.00	7755398.42
20181130.00	7760720.13
20181203.00	7808268.22
20181204.00	7804616.64
20181205.00	7784863.03
20181206.00	7728671.12
20181207.00	7733755.54
20181210.00	7702391.25
20181211.00	7709671.81
20181212.00	7765418.77
20181213.00	7760710.07
20181214.00	7751096.10
20181217.00	7714288.00
20181218.00	7700556.03
20181219.00	7728352.35
20181220.00	7705976.17
20181221.00	7711769.83
20181227.00	7689463.36
20181228.00	7755590.82
20190102.00	7766211.34
20190103.00	7787160.16
20190104.00	7818544.81
20190107.00	7849175.53
20190108.00	7868746.49
20190109.00	7902456.36
20190110.00	7905733.68
20190111.00	7914216.61
20190114.00	7860605.45
20190115.00	7886754.96
20190116.00	7914634.84
20190117.00	7912259.74
20190118.00	7940170.82
20190121.00	7935842.62
20190122.00	7919708.65
20190123.00	7927182.22
20190124.00	7941222.17
20190125.00	7961500.81
20190128.00	7941984.85
20190129.00	7942906.11
20190130.00	7955412.40
20190131.00	7964488.98
20190201.00	7953598.40
20190204.00	7963073.48
20190205.00	7984040.77
20190206.00	7997465.28
20190207.00	7952747.47
20190208.00	7926384.45
20190211.00	7954159.67
20190212.00	7988346.39
20190213.00	7999926.08
20190214.00	8017837.00
20190215.00	8048005.26
20190218.00	8071105.26
20190219.00	8047605.94
20190220.00	8053809.53
20190221.00	8049129.65
20190222.00	8100214.87
20190225.00	8122220.60
20190226.00	8125176.95
20190227.00	8130957.88
20190228.00	8145231.95
20190301.00	8165967.19
20190304.00	8193310.74
20190305.00	8199370.48
20190306.00	8212715.95
20190307.00	8192291.33
20190307.00	8192291.33
20190308.00	8173070.71
20190311.00	8165842.39
20190312.00	8198490.16
20190313.00	8215261.56
20190314.00	8241597.43
20190315.00	8248527.19
20190318.00	8262457.21
20190319.00	8281034.62
20190320.00	8260425.34
20190321.00	8267150.65
20190322.00	8241181.26
20190325.00	8227037.61
20190326.00	8247293.99
20190327.00	8252921.08
20190328.00	8262429.45
20190329.00	8270671.61
20190401.00	8282076.80
20190402.00	8315080.64
20190403.00	8432726.04
20190404.00	8418382.70
20190405.00	8340711.06
20190408.00	8359126.34
20190409.00	8342247.88
20190410.00	8344672.34
20190411.00	8352616.85
20190412.00	8355785.01
20190415.00	8372353.29
20190416.00	8380899.25
20190417.00	8368030.09
20190418.00	8365821.74
20190423.00	8387543.49
20190424.00	8387532.31
20190425.00	8395808.01
20190426.00	8396923.55
20190429.00	8415099.47
20190430.00	8377926.77
20190502.00	8377926.77
20190503.00	8361481.60
20190506.00	8325543.12
20190507.00	8310324.98
20190508.00	8277039.71
20190509.00	8225717.82
20190510.00	8227537.03
20190513.00	8180615.54
20190514.00	8195917.43
20190515.00	8135206.83
20190516.00	8153356.03
20190517.00	8144397.94
20190520.00	8131668.60
20190521.00	8151163.10
20190522.00	8156183.60
20190523.00	8118948.77
20190524.00	8118948.77
20190527.00	8129828.48
20190528.00	8116769.67
20190529.00	8074034.32
20190530.00	8078162.16
20190531.00	8051285.48
20190603.00	8051285.48
20190604.00	8097588.70
20190605.00	8117864.19
20190606.00	8122443.15
20190607.00	8145891.32
20190610.00	8168973.79
20190611.00	8178868.95
20190612.00	8157914.19
20190613.00	8163154.99
20190614.00	8129029.40
20190617.00	8113221.72
20190618.00	8153479.85
20190619.00	8159192.89
20190620.00	8180061.17
